20427
13528
20775
25640
901
19878
24989
13032
12819
10823
11804
28152
24634
10892
30585
12574
26945
21272
2054
19750
9600
11042
29572
26556
27337
29432
6929
3711
17134
13751
15288
19980
7521
27534
23229
14362
15188
15264
15100
2251
21423
14415
19448
12023
23977
10810
26986
12906
3178
13232
6960
5504
13308
31976
27387
4619
7269
15479
11467
20662
26912
26919
16629
15235
20864
23377
16414
1705
16836
12874
19112
3027
29993
29026
4652
15242
4294
14483
21429
8048
11941
27934
31766
8305
26739
22958
12535
14684
28732
4219
3206
23873
26185
30254
20393
27589
3896
19912
16256
28620
25486
7717
13053
5210
11795
3195
27725
16329
19877
15363
28303
7675
32122
28720
25826
27460
25806
6035
26755
9988
10382
3817
28489
16501
32140
31720
27643
18383
27562
1325
23788
3495
20479
29491
9313
4700
22419
11175
27752
24592
27460
24995
12886
11406
16769
7851
32325
5288
20061
23753
13231
19449
22474
5232
24838
24042
23735
3990
18547
10071
28020
361
14827
3007
20996
3423
4618
22682
10166
17622
25432
15150
27964
32712
22595
21265
1479
29993
4788
2910
29431
27342
9185
7749
31115
13267
8223
28021
17450
19809
19924
8222
19074
23110
18260
4572
4361
31848
16606
22372
6721
14310
3882
4824
20502
4013
12259
32686
14084
2188
9308
16902
19065
22183
904
2507
4511
4734
12773
13457
17136
13192
22675
11435
15583
22149
14745
29910
3929
11119
11328
8032
23403
28528
19942
25363
12062
32587
21687
23452
463
23587
1890
16760
23488
20123
13164
9420
28379
2608
32121
18173
18340
2633
23532
6458
18281
22579
11897
13447
16170
24499
700
5901
4414
1906
32115
11938
5027
29650
28561
20456
4259
21526
11279
13762
31287
28780
23872
20357
10893
7359
21029
12620
3385
8718
20845
23890
17543
5345
28301
5884
11225
25233
15477
23704
16530
19426
1437
11766
29696
17269
28749
3488
4814
20921
1135
15841
14963
3197
8734
31103
6375
5719
14860
7594
11236
14033
22588
30316
16288
21582
28574
31786
11019
1739
4158
22475
143
16381
15091
12269
5142
20055
25747
1479
25979
30214
2867
23932
11905
15540
24675
10565
644
20764
4264
2269
27592
12505
10126
4115
28235
1381
25150
23523
7504
2620
8304
7267
22742
1587
14315
17181
21382
7712
30307
7193
11965
7442
5043
2457
23599
13810
12656
24929
24600
18516
5312
24161
28813
26034
3521
12630
13153
14071
14320
7508
32131
22253
31190
1441
14450
26195
3971
7653
21310
11663
5407
18135
27445
27940
630
9612
11953
28179
23524
3956
11928
5512
11769
21637
1284
21410
22653
187
6856
25170
50
23780
11102
17011
19180
26537
17861
12520
22888
22451
24941
18737
24285
9458
17448
16225
8457
31199
12601
15798
10209
20061
24194
12639
23707
21193
14869
30470
18231
456
5013
12072
5371
6961
19972
27766
30765
21813
4559
12006
13117
4758
25516
21353
10624
11249
23364
31234
21123
15660
19734
25938
655
11613
23877
27012
27039
28048
9108
25040
14987
6042
568
20625
25608
27769
464
14143
9436
1964
15979
8571
17065
31073
30579
13383
11943
22448
31435
17944
558
15707
8545
1782
16561
22295
23859
22267
10249
550
13220
2972
20495
15701
14062
20655
14909
12893
9158
16196
6366
10856
17349
23704
16575
15742
17013
5380
19915
20510
2069
7501
11289
9012
25035
28242
1462
3707
18640
3834
31934
16843
5499
28256
32292
30366
5612
26906
23924
11280
28636
24639
23598
1974
17128
10104
21993
24863
17655
15964
7734
7454
7413
20122
25479
29026
27211
26682
23840
3984
21544
8567
15440
18653
16391
6375
7038
7059
26907
3206
16898
7679
31776
8390
20927
28408
2890
24036
12117
13
24445
10219
18465
2218
1571
1974
18919
7580
10812
29117
14768
4458
29154
25440
25917
12407
30248
17320
31271
10978
6899
19894
10062
1343
424
17338
1875
32399
26398
8021
4687
7283
32191
16784
4628
25347
4586
19086
19163
10506
20900
1464
11765
19514
31152
10605
28233
5129
2718
5741
27483
22025
1666
22939
1361
17906
17152
26632
501
910
25541
18165
687
20773
1142
4698
30128
4131
28603
24670
15971
5436
14043
2696
2079
23700
2654
12799
27309
16748
13111
30774
10609
30520
9754
8011
2698
4134
23375
23110
21542
5424
3381
13119
8637
8701
4619
16737
23461
17787
17523
1800
18865
11392
15448
19029
20986
462
12618
30258
24925
10924
3074
2602
3118
15217
7003
9690
13230
2708
1002
32763
17564
7249
9424
3154
31332
16950
1230
12416
15438
16546
26474
5977
27591
23972
25570
17941
12507
12957
573
6292
23777
23609
21675
17669
31791
2189
28749
30
24722
18596
16828
23447
14709
27593
26622
22120
21789
26198
22347
5143
7920
21577
8891
16029
23270
14707
23100
13897
8735
15400
32180
21754
31149
20620
10652
28544
23112
21843
27255
21426
28712
2165
27317
16292
14324
10099
8423
24384
9067
23794
12673
9693
29195
22360
22529
14739
5344
5228
32370
1407
30637
15385
13216
32585
16121
3435
29773
32484
22114
19238
23685
10176
18726
2191
29263
10400
14259
29111
12511
4717
21757
16734
16498
14602
21202
1940
6874
24661
7386
16419
22369
17081
15604
29498
31041
11562
23278
28379
9512
27721
22750
31542
21024
28852
19369
30055
21922
11834
29583
21718
16509
21889
10284
4397
23870
6801
17374
15716
6874
3482
9388
18021
20430
24248
750
26194
5406
2560
17946
30849
6446
11109
31896
27539
8639
14746
15219
2852
6648
4418
15562
30418
32721
3395
22885
30659
22034
26296
20709
31707
5800
3100
5256
11608
6550
1449
14953
25814
14882
16985
411
7940
19449
26604
18866
25615
9637
30825
15055
7195
13881
30268
7868
24689
9583
11064
29108
4606
16837
5606
16943
22452
31345
15237
15494
5190
10771
18445
3385
7887
14867
18606
16677
32679
14284
24740
26899
27843
2207
5789
19510
8687
990
4698
22204
99
30646
27516
18942
32241
29198
6525
27604
16936
567
32209
16290
11030
19529
25961
26911
2639
29632
651
596
29808
3343
291
20938
21203
21756
8723
4307
18997
31401
28768
23128
1040
26633
19728
30864
17461
12758
23325
28835
5175
11359
15996
25927
18273
15595
9282
5744
21666
27020
26784
29068
9371
26886
13988
19937
10975
15889
27532
29149
8959
5399
7147
6219
3516
24284
26481
25230
3486
14196
23186
12626
5830
13509
6861
8781
9033
5089
17345
29460
21390
20086
26132
17132
18499
12607
21661
6515
20525
25895
8173
11364
5962
1495
28334
5968
16523
5753
1367
20618
6747
23079
20743
25573
1680
1714
13173
1764
2917
17815
28608
23861
18043
28286
5111
17665
22365
14411
22481
3562
11738
18953
10656
28834
14096
5698
25286
24578
21735
11044
25971
8544
19844
15432
16161
14297
4663
3219
7971
29696
27470
21671
18105
16295
30231
30059
20841
20378
14183
24307
11823
15117
32447
17191
20147
20919
23719
28737
29467
2629
24438
18673
30376
16955
16219
6294
16301
32020
15019
20160
15569
26927
13678
20949
31654
32143
16005
18290
8236
11259
6517
23203
13671
32592
4373
4536
23216
6009
4845
4466
22573
5403
9256
29890
4035
29045
26947
20793
2124
18993
23611
10829
17069
28466
30760
11586
27890
5744
19739
14733
6520
19333
2391
18389
30593
20282
3334
6635
6738
32603
13100
12777
16626
739
2976
29390
26966
16954
3827
756
4492
2801
2618
2275
6068
23623
14958
13408
12407
24346
19038
31609
28777
5599
30092
23473
200
1443
12327
29734
5871
20679
21999
28963
24950
16147
11848
32121
19660
31219
18638
1780
3801
21146
11785
2063
20065
31899
17226
18306
14917
16864
30206
4011
11342
25301
5962
9478
12221
21778
11979
5051
26322
1115
29714
27618
24691
14192
14552
11194
18438
6803
19551
2677
16456
22628
7072
12013
556
6686
10149
30237
30312
25947
17946
26423
32310
11362
4284
26564
8095
16612
30746
3617
11082
8929
28434
9745
10437
13410
19751
18626
26524
14148
59
18914
5464
31022
24804
11793
30675
26941
15367
1798
19848
9540
7752
18549
13222
25383
19046
2381
13288
20528
2600
18856
19275
17297
2351
6369
26437
31262
23854
14393
16036
7789
11290
30678
11122
29842
23759
11629
22244
17704
26986
27295
29264
28994
10466
17730
29239
12025
28241
12665
7604
15497
22481
3615
14909
7638
26448
20644
17556
28347
20244
22450
6882
11091
25964
14405
23837
15861
20036
22711
23860
2682
418
29766
10272
32458
7289
26465
15398
28249
11250
10412
28773
8778
12242
17257
25162
5161
7572
31521
17839
1006
5211
31793
4952
14349
3877
23929
15344
10120
24482
5093
11767
16815
29094
26322
1580
21230
8732
6668
13292
28018
23841
23008
4279
2105
4521
7960
29250
31595
13090
13854
11146
9239
26940
7986
17330
1315
26181
23864
4576
16596
23821
3604
17885
19635
11229
23843
20469
519
9372
2085
21242
15983
9872
29462
26455
10832
6744
16633
14842
22342
25458
22268
25912
18208
7959
22572
27909
6308
20710
20122
26335
27112
9351
10806
18737
25834
21147
20743
9283
20953
8082
15958
4789
19089
7295
23179
4626
30251
14016
10112
25865
20562
16491
19664
940
11853
20737
14399
24686
30825
25839
16878
12551
20330
20815
6756
18534
9104
32161
29869
5233
4880
14445
15630
2353
29092
31968
28666
11148
11333
26411
23593
16728
11562
22048
28813
21350
22980
322
20165
31739
12007
205
6402
313
23619
24970
26882
1584
22812
26550
6750
15846
18525
27852
1013
29125
26293
7338
28594
15331
29187
15531
6163
11664
26678
18372
8329
6944
26196
6756
11119
8432
30160
13727
25996
19692
9401
4597
8327
1534
5358
16668
15405
26115
4037
918
7848
25654
11782
11027
9734
23876
16946
27376
19381
26268
3844
2960
20845
29437
18553
4936
242
13178
6908
9767
20883
7385
32018
11773
16403
10110
21837
27811
24997
12991
21332
17550
25081
9424
21746
2405
22200
22704
4492
9278
2187
28896
12919
24821
8871
17071
3508
12246
8195
10145
24205
6576
1212
29162
19153
30203
26014
2283
9171
7843
3808
16024
30641
14339
31059
18140
10596
540
4498
6779
14008
29350
2489
26574
5496
8536
22037
6810
2732
15784
7513
29846
11395
28630
28309
7341
21348
31288
30658
32104
30114
896
22251
2618
29257
14078
24695
12852
3761
7257
10563
1155
22254
11046
19562
27727
15605
32445
27611
9189
14254
16145
235
18901
18525
26067
58
27963
24998
1078
1339
27826
9071
27977
32334
21217
19613
23527
16187
29658
31696
10547
23893
4939
14125
1526
3544
31706
23827
14224
23662
19770
8908
16028
12414
10575
5769
10007
22828
23221
17577
21022
21444
4728
9786
14963
3646
6376
24487
29982
14800
6362
15261
32716
27471
17450
9398
14316
6097
9963
13794
8265
7281
19114
29375
27675
8697
30777
29674
18347
23323
28090
26207
27628
2914
25187
31823
22462
7932
23626
32556
25332
15921
10998
13192
14878
6737
26441
11009
23844
29381
26949
26717
22841
25460
3295
1791
25204
22222
31917
17023
23171
21881
921
16884
7589
18373
1964
18132
12772
2354
28098
32158
11528
8420
2474
31895
11789
4373
15085
12579
8280
8597
32238
11667
9769
23060
2966
25583
28208
16233
18451
5047
21971
13379
12755
5835
9441
14002
7263
18346
4605
5805
22233
29076
15525
12306
9133
23184
24773
11662
30930
20019
32348
32324
11297
22817
11612
30530
19479
1521
14101
21486
19272
32709
24510
20412
23632
17431
23498
15562
745
12995
24532
22550
12146
2356
17594
5616
23483
1667
6477
15637
14551
13636
7184
28779
7161
11662
18953
21780
15173
18567
19071
2732
10608
8866
25329
31244
16377
12835
22135
14616
1185
3087
12249
621
26961
28691
336
13899
31144
12237
17390
31819
22431
16447
4282
24541
9980
2180
20539
25424
15045
382
11953
7529
4636
32225
16385
15916
20271
20071
24732
25138
26215
8057
22008
17782
19755
29324
23997
21949
11142
31660
31932
14068
2710
311
24457
21290
5889
26662
16754
9724
30017
14156
25111
29851
3433
31242
15138
26978
20701
4761
14308
370
737
5347
23688
30281
23503
7082
25910
30760
8212
2520
30162
22411
9775
4391
18905
18711
12421
8012
16339
20353
11811
10020
17916
19813
13314
7034
1291
19027
20200
8769
24993
14201
5214
26484
375
26679
11465
30125
23574
14899
1727
27543
12371
22120
23146
951
3308
25956
5856
19970
9125
23597
7406
25504
19053
22773
18551
15078
31277
12026
11281
12313
24383
21858
15027
24726
9343
14884
20892
3280
19786
22618
10543
23266
19177
1913
14431
31320
15341
20957
14644
11897
8140
6140
24245
26156
962
18198
13854
6419
21165
24552
30993
996
31636
20499
7043
21922
10235
20747
23199
11848
10863
28979
25034
10750
3774
25733
31479
4237
6762
22768
5348
13535
14825
557
26849
11036
20827
27297
2723
32595
21046
1492
11382
13926
9110
27522
10694
4453
15662
15932
23647
4258
31769
23678
27083
13778
8782
14693
14987
8192
7365
29204
15734
5448
13922
32598
30354
10449
24804
22725
28373
8344
29147
25924
31457
20150
17171
8345
20410
30612
7324
26264
2500
15798
2614
32410
23957
111
9469
31179
5912
22034
16843
4886
11647
10916
9641
10643
9493
8075
5856
22157
29531
25123
4446
22432
21182
27670
8047
26889
2648
16030
13359
566
17711
17512
6951
21147
30394
27508
19705
98
23421
29297
5037
31952
23164
7963
13349
5974
17051
30975
23252
9822
32057
24826
19436
10069
30853
4298
21812
22822
27924
28655
26576
17343
24837
18835
3690
2192
19411
17502
10707
28317
15143
11038
18706
28239
14101
19752
12867
3480
8949
3814
18255
16723
19386
14130
16343
30230
16186
11876
21732
21995
25022
6604
22181
5278
11277
8913
28197
30606
15353
25889
5899
22060
2826
16680
13586
26143
4039
29528
15192
11699
29807
10380
5404
32079
32312
15178
32644
29815
22557
24687
15277
815
12781
29648
26521
28467
2097
20181
10299
28530
17761
29210
4852
26862
6945
10518
28979
28770
23007
17338
28150
27740
4773
19641
2454
27281
31256
22747
12914
5030
585
16979
1152
1916
4902
20477
28511
22955
546
2580
12097
4318
31499
10304
14141
13641
25418
14211
6089
16521
30506
8027
16149
12080
12923
21248
16723
19323
30847
28320
20839
29506
9159
1415
32495
32027
10892
31192
28352
3136
24009
21479
3214
22762
29119
15609
5347
31693
28710
30716
32113
3933
24567
24520
27494
5170
4020
10344
23464
5249
24230
6029
27395
13980
30147
22282
25763
12172
7040
10231
25882
4551
21708
9848
11403
5985
3204
26996
26871
15783
13729
4782
24599
17443
26476
9328
29070
22818
32186
18048
1029
8299
22346
21510
24329
30150
9901
11813
5747
23278
29884
736
32192
19484
23199
9016
29204
16069
11443
16785
12053
10442
30686
11088
10729
2126
25154
29285
23173
22728
28503
16557
20717
5158
364
3755
9765
18528
15322
1645
30489
11913
24680
21988
30521
23710
17397
4062
28388
29702
15210
27047
32224
13552
12706
14635
29639
9015
30311
3216
27111
15868
32448
1816
29564
1906
24633
24554
12064
25796
12697
16056
19769
25520
28560
24732
9231
29676
10307
32110
19307
7256
28131
25905
31185
4711
15821
4429
4647
22229
30954
1065
8745
22424
22646
15985
29302
15238
32039
19067
23503
9617
21206
27214
20683
28926
22123
18967
27507
30838
6951
11094
8246
27658
4595
30441
28107
19792
20324
16977
30845
26577
23834
27783
6223
2910
28603
7551
6105
23392
5797
19813
12810
15723
25026
13627
21735
18838
7405
3489
32214
8759
21721
4004
27560
30016
18362
17511
29552
22879
6520
6434
16759
4820
19133
20432
25180
4605
12568
15123
31302
17578
32125
14792
10522
3193
2668
23930
30940
16919
12242
1504
17469
2561
26612
19769
3295
4160
5844
15445
29532
9463
29163
11796
24185
7014
26016
3929
15310
22058
27396
1880
9413
13163
15829
576
22864
17818
4576
9098
22727
31652
2444
589
6391
6229
9804
2235
26228
27734
14187
29230
14659
24064
29602
19455
3885
26784
1728
26523
7522
19383
24841
15793
12202
23836
29989
25798
17047
24356
29334
31599
15416
1033
10855
2271
31429
22639
4781
15383
15035
20301
25392
27228
31460
11136
6208
5127
6378
25159
12788
11168
16455
1683
17192
2620
1988
3400
29917
25852
1430
21442
5861
6282
8222
13334
20529
19626
20718
24143
7452
18159
10900
6323
4598
18840
18677
31435
10796
26077
8119
25044
25099
22117
14839
13459
10817
18100
1536
7547
13912
1036
12991
20491
11623
29201
27278
8278
10655
15245
12266
13221
11791
31029
7700
16052
14094
770
5365
2601
4557
13552
6578
7198
31448
12175
30118
27834
21273
10911
17148
20775
24137
2770
125
20126
27817
2340
19719
17503
16479
16932
20537
20775
3141
6395
10176
16051
32643
5699
4517
4591
30314
21607
29691
30250
23891
6335
13547
27771
14336
18070
14742
15276
6596
8978
9500
22283
5703
10877
31778
11258
15466
147
26781
13271
27640
2786
12869
30931
26701
19624
18020
27850
17858
32533
26880
14786
4986
21555
31222
17693
9607
20580
23796
21261
11226
10369
17037
26141
8065
22019
7915
22441
16015
8094
19415
17596
5312
26941
20231
26233
13639
1623
22938
11338
21354
4026
3830
15012
29685
28750
5508
8850
17747
26926
2981
6493
21890
22410
25132
25248
668
29369
24438
21870
17876
4514
18641
4446
26991
12724
16615
1472
13831
5739
30883
20393
29733
12458
6598
14262
6856
20306
12693
21980
1280
19284
798
19946
28696
17227
8117
18621
971
10290
2656
12738
25176
4820
8585
15542
23643
28201
21858
21961
335
27218
17013
17453
28857
16452
15622
25538
2201
31044
32749
13746
21214
28080
20119
21026
16096
8976
10949
29187
12625
19722
27409
12807
7940
284
3353
29637
13740
13088
13493
29297
30134
726
25352
23734
22134
598
5920
23176
18272
31515
16832
13659
8678
2707
20865
4911
7596
13279
31883
9468
23531
23710
17095
18582
986
32523
15161
17969
23134
24495
7028
5980
9488
31486
17719
15595
325
2835
12770
330
12742
16991
6741
25933
10505
17182
4633
11426
17844
13895
2370
28043
21454
10582
30549
6852
22708
17898
16652
269
15819
28535
6951
20925
519
15902
13446
20532
3149
5028
8418
23082
8613
4267
19425
18558
19035
21218
32415
2765
10213
23582
23192
25049
6435
2536
29741
30014
17428
7631
16948
8973
17266
7765
1609
25644
15995
2858
2487
32741
13456
3227
6147
30347
17753
25523
32327
29200
10719
3956
13131
11256
21605
21192
25659
324
13915
7830
15334
11377
12886
27110
7478
23970
14002
5347
18940
16448
22437
10123
19835
29799
7194
29382
24495
27688
24817
4584
8308
15348
17593
27703
5498
2923
13752
23650
26016
258
16508
5995
8501
16199
29049
31392
17519
29148
18644
23315
22750
286
26011
21714
13642
16860
32620
19499
14830
24789
21268
21160
7685
425
15135
8420
1751
18446
18848
18832
6154
26045
25397
18984
2790
8548
11674
893
3018
13948
10253
28169
19871
15595
31852
5916
24535
7410
23917
10425
13621
23870
5485
24293
7350
10964
339
848
6917
1555
31110
1583
14212
18317
7403
6316
22389
27352
11229
15784
30085
11894
24476
10500
20869
2086
9787
10822
4863
12920
882
19354
32433
19546
13718
4556
28428
10991
21586
25383
10894
410
24076
31895
17692
24207
7473
4390
31333
1506
26534
25731
21741
17371
5172
6139
6233
7919
2934
8630
16904
19577
15312
22474
18441
28667
22841
13654
11923
16280
14234
4590
17400
22265
4367
7203
20859
27742
11162
18943
14061
9391
1713
22823
14693
9557
2257
1234
14200
21845
30292
9901
23373
16523
4309
15859
18718
185
7365
29256
30122
1406
20105
2655
30708
25390
6841
7605
24221
11094
9574
26712
29785
11820
32563
5102
5577
24
21588
23468
3854
28391
3195
2249
21096
16002
23812
18592
3923
21198
23456
29562
29354
9358
8825
15898
10755
14580
20047
10846
12904
702
18357
20965
8398
26312
2350
20818
26198
18175
14148
26540
26109
24467
22285
14266
11681
19344
25388
27469
4058
21914
9154
9508
32644
24184
21125
22378
11270
19248
30217
32545
21483
7761
31023
14558
277
6407
15622
2875
1659
2094
6244
1538
9706
18217
30161
31389
6403
13314
29407
13705
20649
4937
20092
22611
18807
24103
29065
3418
10633
27725
13139
13371
16195
23421
4672
11369
22560
12778
2295
4672
26275
26092
30372
8990
3513
30432
2503
7310
21651
12878
14842
2469
24903
864
20863
5174
31087
6103
17282
18821
28187
28361
3202
13990
20979
15981
31357
17096
23775
17654
8018
21928
18093
13453
11599
17896
8369
29033
16202
6647
22715
1985
20682
9467
3734
8828
9897
22747
15234
25600
23344
18021
12519
10661
20353
9090
13985
2067
13416
22295
20309
26278
15345
30245
10046
1268
12676
31290
30441
22170
20832
3691
7412
29902
4091
22660
26494
5158
28933
6007
8547
5555
13241
19449
18837
31255
8995
2452
2782
9191
15511
186
14158
2155
12879
25153
18092
28572
1800
17809
13500
12370
30874
20952
29565
18391
25
1948
13062
2138
2751
16971
894
31188
30504
8791
11996
11734
19983
16181
23516
23063
22869
24529
18701
4660
7628
18146
19651
9375
30359
17553
5825
4030
7291
29845
32251
30915
32660
30324
20097
9851
23370
23385
19692
17771
247
6206
18105
18189
15095
26812
7402
20995
21803
6990
14930
24399
20707
2325
791
4864
2407
24400
8680
6212
19811
15658
20440
2255
32710
12241
22984
25094
11609
28440
10505
12878
13472
8813
18374
15032
2010
8486
19311
395
1531
16719
26497
20442
8188
23204
32595
9816
189
12790
4447
13130
20222
7950
21298
2895
9315
5429
29065
32670
26538
24298
27820
20856
11299
22480
7485
16841
3741
6323
11539
25452
25678
25683
6800
4756
18264
30039
19742
2388
10489
30614
7805
9212
1294
3138
24701
12803
30293
25472
986
2667
2434
14641
22224
10470
16255
12259
26163
12175
32066
4653
32205
22873
31327
2193
4409
13756
20271
15601
10296
2543
14599
5848
21330
21269
11423
3838
29640
32625
31178
29561
14803
22936
15326
7144
19084
15786
8297
28446
14301
20048
8809
14268
14798
4812
19827
30036
3680
24637
1452
3753
7376
18881
18232
17636
31
4081
19494
26950
29633
13541
25071
13474
4945
18156
20398
11295
26180
3278
15397
10213
13835
11503
15498
9202
6324
30338
29203
30165
7025
21113
16724
2257
24152
2193
28385
5665
23350
16087
17057
30728
23234
560
22638
14481
16839
147
19055
27169
7641
8186
25549
26163
19523
26191
24435
7419
17856
18829
32416
31667
20330
14401
18928
20713
29383
185
31498
20345
13803
30049
24326
2239
26338
11903
8549
10426
2415
1018
6425
21905
22785
25104
12469
30628
13599
7277
21417
611
16617
9120
3926
26080
29820
2461
25570
12337
29046
4991
4462
20630
26559
21447
14117
28668
4139
12973
2339
29990
8196
8861
31957
2885
7223
1961
3572
11601
20344
29260
27959
28570
8753
31120
5906
21470
19401
6807
12819
1273
804
28591
2605
20095
3678
16033
18976
10824
1112
12087
24468
605
15454
31214
10773
31663
17652
3205
12609
21609
24167
23217
23098
14137
13374
24829
5743
2155
27009
20686
5275
31223
2047
13553
20230
16458
27966
5003
8200
30237
731
567
6166
2478
2824
22796
20089
849
27053
4309
18616
11121
8246
26096
2461
9587
22232
1688
5203
537
21469
29358
14667
10492
30940
16707
10773
21269
10228
13570
9665
19770
10541
32448
10418
17960
9996
13714
7527
1321
20205
27237
13505
8793
1802
18916
16433
26074
31307
30453
21597
25516
19626
22292
27939
20371
27243
12859
23806
26414
2912
24010
7698
16326
30627
1676
29451
26429
29994
20496
21194
31737
22818
24275
8772
12624
6224
15614
28191
21341
11072
13255
24842
1763
10237
25752
21159
31401
32510
3448
27021
14271
24300
32582
260
12559
163
30105
7217
21966
30621
8765
21949
28218
22776
16621
15151
6111
25320
8995
20747
24571
22745
18126
9392
15414
3370
21716
22117
5195
30546
25952
464
10975
8852
10216
10614
14913
16351
24874
7814
12472
5519
29504
2931
26271
29923
468
11291
22115
13173
31570
31428
1894
30234
26193
25919
17856
31043
11302
29959
12265
31011
9500
2782
4914
26793
25418
17165
3491
26564
6703
4104
8054
5948
28814
3445
12073
12554
1957
3019
26311
20254
27415
21975
21354
25410
5061
4518
13977
11131
18671
31443
24144
27993
2403
17725
25404
4332
3637
19940
20605
18845
763
27744
13717
30650
23860
15156
24501
1312
4542
23705
31436
31578
3015
15751
30683
3008
8244
24916
29227
26007
10679
17080
21478
17444
20223
23381
13442
20192
23638
9933
28842
23547
25518
22464
8364
11140
4828
22999
15299
11599
23085
30230
18341
9170
24507
10890
275
15031
27908
20470
14220
22686
9108
1034
18921
6416
8446
5074
24283
5695
3476
8933
178
25949
28424
773
23315
16990
21954
29434
12474
15210
22649
12236
9618
14919
18155
6304
18154
24670
17150
23382
6246
1254
21682
1956
9766
14838
28826
11785
31970
5793
14434
27028
241
24463
22443
16614
29219
29891
13859
18773
1305
22495
8081
990
26595
30223
21267
7039
12101
3838
26531
16206
16508
4759
8103
15621
6320
653
4960
4407
14451
16477
15549
17325
6779
13424
25518
27179
27544
21464
11381
22710
15383
11906
32442
4770
24838
24004
8413
9574
22472
15001
14718
1586
32129
18216
10033
11343
8759
23244
6343
20495
12468
4333
23398
8283
26113
28214
13198
24471
14468
28053
29908
7327
16394
21908
5680
22197
14603
396
16639
21771
962
20330
20754
1040
15963
18932
23450
596
331
8454
14667
31286
5957
25760
1206
22323
21948
26440
24366
29345
21004
16752
23877
3741
2100
6156
15345
24027
5666
12702
13579
433
8635
2617
18372
18719
19560
29644
28669
30694
19913
32115
9889
5456
20261
8424
26674
21170
25246
7049
27581
24857
22829
19389
6820
3318
2166
11050
29542
19490
25395
18568
528
7255
7856
22154
10031
5952
31804
21621
29116
32493
4240
2671
11785
21784
7627
9368
10626
13997
8184
32069
21061
28831
1343
31242
10347
14233
13537
21088
9146
13624
4423
20071
3521
32487
4307
15711
22811
2050
15740
7140
16636
28391
10720
12692
3406
9280
3848
27194
13395
17619
8925
25943
27747
31521
25971
27226
29248
27808
4414
6415
26509
5659
19618
18061
27230
26534
19932
23778
1619
17597
27947
24313
19987
20879
1668
1448
32734
32195
12791
30210
5267
23114
13116
10340
27931
6496
6543
9396
16599
29313
7621
9956
20067
29060
8148
6913
27621
16934
29385
10590
7089
697
23340
24533
9910
32192
0
7663
28680
16693
9848
7081
12331
28878
6330
3073
11878
18877
7827
18625
5011
21217
18369
20584
1723
32548
16823
4943
16899
32046
5380
27897
24234
9135
23405
23749
12442
907
17243
4759
14074
2327
31182
25262
18709
5283
25586
16713
17457
32224
9364
32148
4748
25294
19262
21779
23542
30472
17565
21337
10355
8999
29529
2800
18365
25392
29634
21397
5314
28476
32126
26636
32743
15153
15133
32336
30060
4286
23067
10240
17053
31821
16352
8026
23257
3021
25974
16128
13726
6238
26156
22848
9027
10924
6952
26190
3015
26075
3984
24237
21997
27469
10254
20373
23067
9088
21387
25952
7950
1786
4754
25159
10891
3039
25506
16352
19001
31
32033
6020
26178
32644
16770
16142
28385
12867
22554
5086
25959
20973
24244
5605
8149
4027
16203
29272
11518
27162
3990
20084
11477
22498
25689
8552
28713
15894
5996
26401
14331
28547
11838
2933
19132
4654
14161
17876
25191
2894
12031
9981
17830
14983
2604
21828
2189
29859
1094
16485
22544
8671
30572
31585
20016
14702
5128
22771
26042
14354
23459
16933
4637
21744
25937
12001
19934
24552
13201
5883
17637
16385
5170
25910
15817
30746
7262
24682
30649
6665
32288
5455
241
20582
23886
21787
25012
31041
8411
16567
24362
28053
24082
11231
30323
14118
11978
639
27105
19662
9500
3778
25548
2540
8373
23797
3477
14348
18264
5043
23711
30690
8313
29905
18919
30185
11661
16189
22522
1234
10427
11508
23047
5989
3569
31383
31591
11384
2727
28478
24861
23584
30347
12565
1065
19729
10363
16759
469
25632
8782
27906
22244
9930
8373
21549
29960
1508
18733
12567
3553
16267
21191
17073
4087
24853
20727
13791
19452
11125
14307
12601
6991
25486
3376
28122
908
25860
31014
17169
5705
15189
608
10391
22760
26849
4130
19203
29259
18099
20924
16689
7474
28779
10859
28433
29358
15803
29526
17045
28550
31289
13740
22045
3472
29450
11736
27931
15904
21740
21889
2839
15095
24587
4442
25052
28688
14992
32266
20727
15745
5723
18457
8779
4470
3940
11529
13432
14923
8420
27591
30738
4647
22372
31068
12892
26794
12129
6994
19581
21763
15549
23997
13943
32550
15704
27350
16440
20146
12146
31053
12273
30700
21162
12156
7228
21100
15292
19192
31769
25650
15848
25592
24450
31497
15482
2299
12232
11793
6659
22306
8395
31106
26884
16132
22320
16496
2380
3421
31888
22144
30438
14231
16747
4071
7606
7739
16851
8276
30578
24891
4748
16877
25581
6854
24196
18833
24034
24279
10935
4102
4905
10298
11598
5052
10382
4884
15113
2901
11184
28771
12147
13360
31292
31174
27934
20506
31304
6839
6813
23075
27069
11007
29311
29814
3350
24802
14026
8449
30110
27274
19366
368
28733
17374
15081
8492
23471
24624
11559
1396
5355
26087
16478
32636
24903
14218
26520
17269
28216
12331
23994
6146
11338
27177
18245
12455
21323
27960
4153
8816
7032
9411
2924
4002
900
29663
19959
18348
2742
26083
22147
26697
8309
4820
20494
22759
25096
6449
25535
15660
20351
8896
210
28397
18567
20976
476
6700
21794
20816
5353
29497
10484
26539
13441
10030
26201
31242
25756
28913
31422
20864
19614
18956
26566
6522
20709
461
27976
20060
8158
10742
23681
8324
16988
13499
28066
19765
24534
709
25527
3496
11351
1746
32205
16796
5509
32729
13751
16387
12475
24705
20144
4891
29405
3170
2622
30317
5323
11262
21577
3637
17792
28452
20478
12117
12724
13647
29152
18261
22145
24904
27087
16616
18274
12562
5539
10590
30587
14955
19737
12485
29421
15849
17213
32434
897
3277
7682
12843
9926
7792
25196
18042
32665
10402
9723
16019
23098
18384
13462
2315
16520
20503
11484
19531
26312
24339
23182
14451
3725
20528
9780
12138
853
26682
16019
20108
31521
26489
21914
31816
25577
28092
23341
29038
5186
14966
18531
29121
18030
32416
19526
3125
2002
8054
9831
16154
23767
25889
388
10511
12933
16176
27689
714
9031
4422
13820
20014
19677
20224
6964
4196
8387
26055
309
16350
7743
16850
30969
11128
1603
20179
7254
24579
471
28152
24121
12726
15674
17764
26889
31122
671
18093
12434
29029
9234
16288
24070
25839
11195
7948
29336
1015
612
32510
22120
32166
11291
16244
31978
4430
20414
28989
2329
24900
28252
24020
2890
14691
12971
8312
14827
11117
4216
28048
18854
28108
7787
5985
27400
5678
23335
3309
22088
14258
9320
15701
10670
5722
10821
6689
31639
32046
2499
796
16836
11290
2436
23537
27310
32197
20679
28527
25679
14027
1833
11576
30457
32098
13680
686
28112
356
27225
2938
32517
10416
29583
20310
16151
4928
25666
25390
28229
32101
7923
26924
22298
2076
6883
12491
28087
9472
16335
28193
29807
16700
21320
11827
16426
14622
26459
7549
31182
21454
3383
21842
12049
12576
25227
10610
15265
24581
679
12535
24093
32712
9438
31824
31407
13489
32448
5531
7441
41
9794
28927
32505
7488
24343
3225
20640
26424
20241
9430
1924
9746
716
18964
3193
32674
2238
2454
27998
15415
28031
28265
23107
25881
31484
25663
414
22333
4250
3913
13687
20025
14763
11519
10589
15401
18933
6186
28577
20272
1128
27047
22756
5570
6386
17774
21983
17069
2780
3004
28945
18259
15631
23671
16142
22623
54
24507
6686
18937
2132
24295
14372
26773
14513
31778
21177
7278
2056
30990
10124
31650
23716
6590
14733
26260
2482
1828
24855
24892
27375
3084
27468
29829
25944
11264
15727
31946
21483
2601
17629
13788
13974
14794
7762
19566
31830
9814
3414
12080
5184
11932
11932
11904
5152
18083
578
15688
27236
24588
14187
2259
4002
23065
19888
28268
4223
11633
4830
21734
27259
13860
6685
3786
30935
10964
27769
15120
18125
20346
32692
2285
11179
868
23236
11934
7800
24287
9564
31684
8998
7948
25755
3466
32452
30901
19025
7097
12010
4914
19713
4880
540
7702
20972
31470
8862
15395
15959
30906
32646
26274
8548
18295
2289
10169
28009
9746
31062
6695
13277
1528
2678
176
16974
19437
29521
22550
17303
29563
16159
8178
2212
21733
4056
13437
1864
9378
9683
25666
14377
16296
17417
11353
8641
11602
30163
2629
23404
6865
10694
7867
12369
11424
26659
26038
17539
30588
6382
17529
31625
8013
13392
7528
13570
17009
10467
27384
29341
20989
21737
15555
12732
18402
29690
19075
27474
30664
9021
32191
2360
17539
7897
14614
775
25804
6622
17501
21619
22535
24712
11076
519
9309
3275
1185
1173
27487
22677
12305
12008
4483
12361
8583
15193
27929
9127
26201
27476
5033
26811
22339
31124
5994
23865
22360
23964
21850
9374
7351
29035
18268
7985
2469
13937
15419
31232
9118
26923
16104
29479
10456
4781
13018
17986
5992
18416
6037
30718
17742
12383
11938
12827
16224
27915
307
23355
2675
5216
13484
2481
20579
18373
4941
10239
22962
20445
22505
14439
13064
27516
21918
31254
21902
32745
15569
21705
25621
16139
482
23229
19778
17747
27860
4967
3694
2353
727
7089
3506
14604
29287
29403
12517
8519
16828
15745
27622
32500
23408
17820
14573
28230
21596
5528
22127
18254
3933
9043
12169
25627
22589
4047
1941
31599
14493
29167
13728
9987
19510
3103
30357
19434
971
17340
10418
16065
32038
32243
29096
27030
2304
2536
8001
29796
26382
23918
31971
9827
13054
24279
3777
21051
22739
15460
24734
18526
6799
22187
30800
30816
1027
30417
15268
14122
24045
31443
23949
24708
1890
16652
11121
16524
10159
32521
22421
8972
5840
18705
1769
20512
1437
11818
99
5954
11773
28065
8275
10802
28861
13713
111
3244
8726
4196
10368
6148
18735
16008
30433
13496
15035
30385
31859
32369
17758
9188
28954
32697
27335
12509
14733
852
15510
14409
30625
8025
13172
12081
20099
2482
11379
20328
25188
11216
30944
17539
32537
24589
12445
8110
24340
9160
23651
3510
16137
1663
2228
30816
4791
12348
23909
19016
20505
13258
5166
25317
13491
2003
20181
15038
18267
12215
9411
5041
31673
18003
2034
19748
2229
14319
27009
8772
23088
2072
30450
8007
2862
3004
28570
3848
867
23503
1774
11571
5746
18639
12891
4004
50
27370
24127
7801
7488
603
24731
31446
4117
5097
17268
7124
1668
31868
16628
29641
17403
12201
4963
30075
1181
32715
28493
15392
29621
4491
30466
11350
25163
19298
3936
31120
5711
9565
2137
8443
29157
31883
4244
29451
25440
14502
16389
5721
18106
31189
7953
6803
21618
4743
30326
31194
25788
31415
4899
5727
24886
20080
18622
25178
9745
13861
27307
6574
30266
27864
6350
6179
15000
26597
29523
21633
4152
26752
15190
11212
4639
15186
2786
32302
3620
3071
8214
6106
6264
8913
23148
2835
11644
14013
17232
19196
27026
11194
24500
20624
11497
3676
19232
21848
9945
1627
29645
13415
29994
13316
3764
1375
10723
12755
9382
10623
22719
29305
6488
4165
24810
22894
28748
11202
27059
9428
4171
27975
22179
5501
30663
14595
7913
23136
3600
24058
29154
19685
22556
10761
14358
20757
27961
16801
14735
5174
32584
3403
24618
5697
5090
4891
24385
20944
12211
7367
27593
28655
29532
12149
11590
1931
23667
11553
24070
25268
17646
8687
30804
2986
20169
8873
17111
28437
23534
26873
24742
13315
21806
28806
31406
25604
23790
8185
9744
4081
20965
6280
9859
25289
6069
4657
31188
27631
12693
26492
6008
31225
1839
19095
809
5953
16865
14088
2679
8719
5678
18418
32619
22860
9093
177
5102
9574
20400
16415
13190
22829
22559
4808
4543
14431
28608
14944
3712
7267
11453
24740
22629
24429
7823
21364
685
19486
24162
1502
12860
12003
20501
18256
166
11740
24734
22639
6723
11208
4807
1956
11654
18709
4419
807
4670
23475
22573
8819
20608
2827
8526
13485
26104
11892
29510
5450
22915
11310
6088
32410
16659
18661
16944
7451
5165
10254
21996
11080
8488
29754
6836
8332
27752
11755
23397
30749
21656
22414
16701
13806
13536
32106
18327
17314
566
20419
5860
4506
20146
11511
12833
8236
25488
1537
14647
25728
14868
6818
7234
26276
7447
27670
7046
14045
31236
12378
562
13748
30322
30324
30090
17662
3898
18265
11259
2230
1769
15540
21551
30444
7721
11723
31445
23214
24397
14800
3939
22830
1289
16774
31053
18363
31436
8920
10211
14499
30297
25438
20405
8492
24218
21561
30142
5673
1601
6105
14737
5609
6286
10647
6025
17959
26254
515
11766
4745
2028
7825
22274
31387
31208
1594
20897
25221
13318
5795
26183
22290
52
2328
18122
10434
2764
31628
13443
9980
28326
1901
17539
6404
29362
13129
14539
16278
6279
28183
22776
8162
13938
1106
9202
28889
27082
29133
32234
19747
18745
29077
3767
19951
8020
20303
23328
19243
2428
19754
11313
23001
24657
28921
6237
8253
14382
24077
11259
10800
29993
1589
9386
15643
20731
17753
30789
3769
8074
23186
16251
23843
13261
4794
32716
22992
7374
20966
3681
13312
5959
25780
28834
10173
5632
1070
7787
14930
4500
6493
11339
2876
13383
14596
14532
22819
9281
16191
20058
30714
29815
27090
2569
1871
1373
21276
21800
15207
27499
21818
3830
28313
3712
11384
1874
7958
28174
25911
13419
29696
16878
628
9736
25827
3372
22412
21178
27205
26607
32456
11191
1499
9517
21689
19524
16080
19108
30612
14728
14057
5163
5573
19749
18342
31334
16601
8372
15404
8811
24330
10306
9192
27732
10074
1576
18977
28933
1595
13640
16094
8056
13066
26869
21145
25061
4547
18449
29303
31245
29780
22546
11968
31477
32269
3940
31867
5502
17441
28213
6957
21075
996
4801
16031
20737
20398
26766
26739
32476
17664
16229
4428
10405
32342
27411
17758
22566
22409
29657
25460
23510
22103
5094
4265
20187
4070
468
9059
16611
3345
31307
22529
26186
11543
19763
27410
3558
5841
10026
17366
12763
16692
23594
1912
4245
26248
27761
29194
2074
5899
27015
12986
26341
17536
28208
13590
26316
4258
11914
5779
18904
9477
7519
30122
11206
26344
16908
13675
11264
28123
27981
27488
30589
27604
26642
10747
12372
939
32055
17836
9498
26680
13488
7417
13860
12112
14914
18111
12170
6626
20900
564
13052
29806
5617
8032
28735
30666
29821
15933
6464
26636
28198
11461
20457
25860
7090
24121
32088
15466
967
11259
2464
4849
11203
13279
11323
4763
10141
25006
29689
3904
19302
11382
12061
19781
10564
18479
10479
32368
10836
11094
19896
31066
16777
3645
26526
27035
20379
31060
32130
7729
10133
11028
25912
17266
12048
28237
4820
13237
27291
29926
22653
4269
909
16175
26028
10309
23958
12299
24703
27854
32329
31724
25175
32491
2621
18813
16672
21120
2366
23117
8285
16183
14175
26618
32758
29386
12800
9268
26395
17188
186
13659
7365
24270
22712
10481
32648
18126
4968
5914
13101
1004
12274
22107
10436
586
25971
429
3024
11158
16704
559
5861
12168
18655
18727
15782
24186
20363
19625
29102
4059
8958
3265
26992
18137
4529
3856
2219
11756
31194
22516
2054
21235
20765
25578
18659
15309
5572
6306
15743
28863
17215
4249
27804
7772
10908
9051
20106
1668
675
22139
11262
15647
22749
14310
31455
32141
19513
20404
23150
6493
19273
11167
26695
8058
4284
13689
21479
27951
10673
19554
30480
16109
26947
19003
30509
14892
11227
20157
6087
16296
15172
28333
22764
10840
2494
10208
29021
14017
25088
30752
6563
12377
17790
4927
17435
30736
31229
4752
17843
3526
24133
7255
16797
15663
31931
3316
27354
7666
164
8265
14418
9173
12864
2548
5820
18789
5153
11960
17391
11814
21711
6579
28000
29835
26492
7926
10795
31507
14782
32524
3950
7216
20400
16439
988
7694
23556
9580
5201
31348
1444
21906
27650
1244
6996
17291
311
28765
2948
2697
24901
13191
5053
4079
10572
29755
31049
25859
19341
6124
17401
20540
17021
24014
10411
8361
29892
7694
21147
24836
24836
28049
24949
32272
31252
15128
19083
31369
25378
32763
27278
11354
19490
30430
1574
26719
29473
1931
16443
30575
10899
19559
15907
6057
22716
15468
27386
31848
8804
29774
13906
30269
24274
24638
12692
694
4573
27379
4788
28261
27045
23871
3882
19922
21295
28659
15838
19762
7012
23739
2836
24023
24795
19490
20567
16362
16434
19376
14066
32387
24191
7609
29328
25
27703
16312
1236
9703
32697
19279
16933
12296
29756
6189
16180
5542
24459
11249
26065
1511
5527
2091
21012
14149
13101
26210
23587
4605
3344
10170
11241
26492
13382
30389
7220
22653
4859
22813
4636
4858
6947
18226
20480
26922
29854
23427
13318
30978
1403
20657
19312
11434
31434
25747
30962
1862
4230
22826
1559
30607
30369
27975
29296
15501
24217
14589
2133
1391
21136
29785
1451
8627
8339
21369
18268
1445
15307
7300
16916
25895
5312
1402
13257
26326
27727
22689
23644
14407
16067
4258
7871
20142
7032
4212
22503
8082
23942
5917
2865
30098
26772
25512
16914
27660
5384
21252
26679
31908
6988
10736
23899
8495
21694
13543
14311
23629
22559
32476
21013
32249
2419
29894
10775
25776
26329
20489
8422
6233
5361
24151
19302
18465
5856
29867
10542
17351
17518
8717
7093
4807
31312
16661
24686
23336
20384
10763
28897
24627
19302
13412
11735
15211
2606
28962
5334
9794
28379
9513
25125
32228
5674
12156
13540
30160
21930
13897
29622
19245
9787
10504
29819
22547
27594
13975
8567
7016
31048
4331
29939
13413
2065
17912
14040
21844
12347
2522
32325
30144
9071
1110
21996
4127
4524
22679
24408
13163
21116
30545
416
17483
6612
18324
20068
3926
4214
19051
28094
32684
10215
27572
621
22127
17033
19842
10742
26896
6938
25780
1638
20532
15582
16385
8838
14377
13659
30423
14973
31601
29772
11901
10500
31075
149
28813
22552
7173
17432
10111
1594
20583
16527
1124
28567
20526
7742
10646
25655
24106
12614
29845
5267
21192
30119
10502
21155
23138
24820
27148
14814
19854
16823
3482
4749
9649
7681
22164
10784
8703
7273
25334
14231
7089
13472
4446
15473
16387
8179
7632
23409
27599
32132
3029
32394
19119
19302
12068
7591
27785
6930
23472
1167
27268
9628
14957
29841
26743
31155
30918
9500
27358
18676
8928
18782
28597
3677
3655
29746
1293
9349
11736
22334
13437
2165
23316
12326
7816
29737
18199
24966
10933
24828
22398
4979
28674
8767
26121
2959
3543
10055
12659
30918
8763
21750
6706
21408
28422
11962
28146
12304
30494
26128
23489
1182
21502
499
11923
26984
26925
3481
19251
12582
16047
28249
14740
22236
13832
31287
28458
25564
3020
6067
4406
2194
12818
26442
14036
17408
26786
6135
4344
16720
4544
3228
4873
26831
30152
22423
2144
27226
25636
4551
14213
3561
25640
4343
31958
24302
30839
21637
32163
24446
29573
19295
27714
29975
15430
6823
21020
18720
23233
25849
21441
23721
29494
29935
2450
28409
16431
30432
10839
23834
28054
11695
17014
4088
29431
27693
15960
13624
9838
9700
7374
10036
18914
7884
4499
21259
5981
4187
30181
12516
26947
14634
1746
31529
25525
12861
32672
1482
10606
12160
8734
32421
9791
32305
29989
21475
25989
7785
1769
16669
26823
28158
22025
4322
1210
27717
25751
12902
18777
8401
971
8268
5527
31195
7514
11238
6774
20368
7568
31688
15826
17148
14777
10840
32350
3098
8324
27246
25950
10282
4909
29670
5575
16928
541
17148
27343
22361
21235
31163
27809
27250
32051
22443
22075
28094
25294
30109
10435
18243
14895
32502
31715
5313
7063
3317
25915
17951
17340
8048
31115
14056
19599
19199
13862
10847
22563
28380
13508
28259
26320
816
26837
11777
25606
780
16499
18020
25647
25131
3235
15543
16824
16768
19385
6022
2069
7074
23878
15040
15974
13197
4406
30310
9690
4142
16874
4376
29420
26146
17256
2407
26527
12152
30662
3520
25628
29171
9959
5933
4497
32079
30001
29920
23772
3154
28091
8986
14847
13670
29214
16964
9998
12090
18786
572
15224
22375
15487
16635
13855
12147
13463
14369
14349
27980
6551
10487
32097
2456
24362
25184
11575
4641
15238
29377
2887
25507
1522
32455
26712
8554
19272
29464
17429
23081
28827
31485
14597
8730
863
30752
463
20312
23420
22883
4279
25388
31123
21917
26222
16462
24775
12569
5599
4777
11011
21377
28689
4092
2632
11232
3887
23076
32576
23439
8256
1490
22294
8144
18679
27560
25274
18292
4836
30132
11953
28265
12729
32168
20836
1538
1757
9146
13837
5891
306
10761
21478
21254
15711
15564
6530
11165
4624
3403
24140
32356
23168
7386
21825
16359
22331
26902
20761
19888
1749
5853
14231
20202
2286
32486
23334
13818
27910
21993
24452
31024
25004
30709
8753
22039
9687
29988
10887
12684
27114
4651
24447
10077
21934
13801
1936
5748
11341
6566
26882
9766
4792
29060
17077
11690
664
23409
27918
15796
10154
2972
26645
24750
27681
1983
6991
1139
13414
21960
23661
8747
29795
10748
1796
17027
17341
12282
25231
7485
12138
3465
21567
2775
13890
23889
4150
28351
29063
3071
20943
2112
21671
12167
19931
4120
13594
28766
13205
2218
31143
18784
23352
20188
30117
25601
2838
25108
4565
25039
26904
12221
25264
20375
19939
4975
151
21527
13579
30125
15327
19465
1715
926
5947
19808
29250
25439
31668
28595
29570
24156
30338
32269
1973
6855
14113
4731
2263
469
28115
26768
20394
10794
18200
7155
4705
22364
32565
8791
14766
3203
29586
12251
4475
22348
27092
5452
21338
24909
14376
25232
28062
22920
11980
27114
8594
8883
16219
28633
8199
25412
17479
18677
2028
21573
851
22687
26542
3340
12545
22624
10070
7186
28872
2494
11634
20656
28186
7743
23679
8855
2848
2207
2499
7493
11798
15281
26386
28481
16865
15029
27048
11063
13738
26799
18863
11514
23298
761
15684
24405
28857
4710
9247
29521
22550
8682
12812
18869
6031
20630
18650
25102
1686
6144
17013
8411
3976
12112
12792
15470
136
8137
19242
25782
8037
11163
1034
15253
17949
10604
5397
16572
31543
4353
3697
21966
329
28515
25310
24649
31603
29534
17596
19292
11194
30485
6397
5133
5625
7968
9775
4478
1202
31641
13199
10480
16608
17111
26762
29752
15498
7482
31754
2652
23750
21322
21467
3804
11951
913
24635
30097
4608
29108
27441
30270
26914
17656
2533
14691
12451
11911
10790
24187
4717
19260
3993
14460
30973
22635
23281
9092
22395
31267
6567
22067
17115
28165
12297
18079
8230
24323
30537
4008
6673
29026
30049
17792
382
85
25968
15819
3734
18516
8963
14445
14165
19543
3756
23179
5754
13972
19004
14807
29480
19988
13287
8098
18818
4623
9011
27284
11107
32403
29912
4474
3212
15632
29401
5844
21919
23076
9855
31825
19716
19061
29571
13520
20872
23726
18566
714
19939
3105
3084
9638
28014
1513
8365
20931
4213
31374
8857
28650
11380
1276
30662
4500
12713
1906
26413
28989
25569
24132
28103
16537
6128
14997
17931
12872
18125
22744
28704
32096
23589
13113
32031
7581
20419
5327
21970
23309
26793
25183
1154
31852
22517
6218
18305
5011
11188
21097
30358
2639
19586
29343
13896
27266
13524
2091
20287
14514
17955
24160
1772
30276
1962
15759
9595
16285
28328
587
8204
30192
31418
23070
4293
12380
29903
17248
31938
20590
9343
14436
14629
25912
31657
11390
4691
12516
18742
9492
23849
27105
16040
14753
30989
26385
8948
22150
8784
26897
1816
31291
18696
15950
12518
31365
26886
3009
19899
20536
4306
19908
15262
11155
21138
7153
30199
25129
1495
414
25313
15311
16307
15518
27317
17607
31553
1714
7043
25380
3257
31815
19825
23848
32641
9208
8345
20975
14708
10185
9517
22839
13477
20479
5581
28262
8600
12355
6126
4429
25088
5999
630
18194
9072
6294
14568
5778
27302
16918
18577
10306
17594
18036
31464
8553
5404
28237
13713
24243
31412
17167
15100
32047
12907
15906
24765
21632
14178
5796
4561
23171
28695
12509
7061
30853
25707
15152
21952
28242
499
14805
25627
26315
16355
24910
19968
2720
19204
795
29097
14794
3840
19500
7614
25791
29377
5536
18473
14727
27732
9855
3586
18318
18733
21750
2687
14949
17432
10404
12987
9340
24296
32351
4658
13055
5854
24926
4486
2573
2551
23075
22173
24687
12008
14557
14569
31136
5182
490
14199
26417
76
9012
13911
13446
21750
5363
25885
24979
13576
24803
22486
18283
19099
7915
1618
8383
27253
19607
25210
27626
2173
25499
2247
17759
26519
2483
1635
31177
8483
16137
8327
15467
20039
17886
30533
1343
5761
31524
31444
31347
7359
144
6178
2487
26867
13306
6650
11392
11789
2053
5731
29862
30397
8246
20386
21277
8234
24595
1786
15415
21696
2949
23595
12441
13548
5817
23867
21295
14179
19554
20165
29827
20339
6978
16384
22840
5279
32682
6718
7023
20511
13722
14337
26409
26073
7866
19211
26182
13262
15625
16282
22690
10269
2101
27970
10998
1087
28522
20788
17062
23670
27986
12804
13363
819
6304
15694
21226
16067
31639
9469
4092
8801
11558
14714
2441
5809
18336
28284
14987
15601
11517
10781
28917
26599
5104
3728
10748
6293
1138
2245
26374
27639
22209
9758
32721
3953
30298
4353
22778
3408
2856
11033
12669
7982
1709
28009
14743
7367
22454
3942
2680
30782
25028
18178
1384
8564
32544
12939
30274
6549
1850
10983
11511
4533
1011
20040
27374
14266
5606
28008
24625
25972
15279
5981
30590
708
16458
21870
20676
8760
8774
22211
18888
32267
4593
29161
32121
4987
595
19998
12682
27476
29343
23001
26811
21905
17021
14887
4945
25329
15445
3747
10677
17502
10499
1818
29839
29915
31584
2193
7540
11949
26346
4443
28489
11479
26648
14345
5923
10310
17218
22008
5258
2836
21777
387
16862
22515
19313
9663
21910
9496
2262
18588
9438
29009
2234
4327
12705
32205
23334
19415
13137
8065
28444
17243
3584
19393
4320
31393
3234
2654
18210
17820
9654
27368
12890
26232
21853
22968
24813
31845
25789
14341
24117
6491
10254
27416
32593
23288
3362
21164
9824
32563
4192
19847
28464
27092
32466
15380
32741
5386
19801
9440
6766
11692
4368
16137
606
28483
10987
19345
10167
5895
21706
11318
11298
11584
32016
12368
26934
3593
2952
4367
29327
18195
23414
14512
22027
6061
27556
26502
17599
26995
6175
8212
10285
20369
29553
10060
8534
7313
32372
1473
32148
4264
9733
8171
8996
10522
10355
21914
9034
4099
20963
15261
29751
28407
15341
29993
1616
11829
10720
23207
17953
12066
4875
28998
12855
16649
24981
32187
1952
22860
13830
29588
14838
30672
14147
10944
14999
11948
10845
23874
18760
20284
9695
3495
23268
12237
16125
31575
17298
17111
14980
13248
6109
17958
32058
37
8516
6924
12510
21331
11854
14505
1605
16478
27716
26638
28802
7556
25863
15473
22420
22153
27791
15032
6275
32619
26773
9210
1029
7845
8345
16444
10082
17052
13148
7624
20363
12899
10146
12265
5691
9137
20285
26491
29852
18659
24462
550
8441
20347
13405
20206
8065
29098
22429
12837
7614
20406
28379
31732
27142
13205
4631
15005
10096
22711
29172
29070
12354
27717
19229
23923
24631
16065
3111
833
19295
915
10657
14062
27243
8722
20558
20494
22488
19624
25112
17283
26548
31530
16327
25150
5604
21678
29325
15466
1413
2877
2387
24267
27005
5744
5117
22646
19855
6359
26744
12590
20899
15344
11071
24652
14784
31165
2609
7421
11102
20851
27445
32019
32644
14430
24132
32444
1468
10430
933
22880
23428
28749
27432
10691
17241
8505
18386
23853
14204
18620
13033
7081
608
29307
6786
26879
31908
9659
22554
20499
15609
1020
17370
17943
4382
19608
20371
31651
8648
2320
2771
9573
6659
27452
27033
22324
18109
17448
17536
17948
27883
17871
14925
13499
1876
13628
8835
30765
23786
6254
32563
8337
8400
14767
20084
16690
27847
7870
20257
1120
30320
19662
4108
17475
5825
31408
27012
3583
32540
10066
11483
7725
19413
6794
6792
1114
17907
31936
14420
20961
12231
22270
22138
31291
15382
24755
14747
9181
13181
22978
22831
11037
8626
16579
27916
14485
29848
15646
2961
32144
14853
17586
9026
23982
24376
32657
2539
14317
26030
2577
27677
27319
18210
6097
14393
19815
18958
30952
19810
6469
16164
31933
3452
25909
5728
3610
31216
32716
11123
4262
6656
31118
26458
28668
12246
10007
24760
27718
738
18687
1820
58
25553
23013
19978
3459
14269
23506
25413
22774
9803
9483
31096
17641
10608
3053
30896
4471
11795
2989
2940
32494
27915
4062
26888
13447
5671
23663
9669
16461
5792
2885
673
10540
14348
16789
22285
7779
7853
10135
22228
779
25237
23667
2464
5468
28643
14303
17268
8044
28736
10775
22461
30824
30726
3977
7838
18154
25541
20327
526
4667
29954
29621
31599
24878
12495
29519
28941
15464
20578
31166
17725
15018
32221
27887
24144
2899
31032
25015
16532
19447
26469
9094
20279
15799
29627
32632
12953
2636
6385
4639
14316
5633
15851
9389
419
32081
23105
27518
14981
3195
474
17493
14913
10696
11497
4624
4758
21327
27864
24762
27352
14006
1177
4056
17823
20190
21247
4262
5523
2581
1780
15594
22072
12505
216
32090
8178
31669
16724
8489
7761
1044
17141
31113
20964
23664
20055
17029
22318
16420
921
23947
21323
5757
27064
14100
10053
20760
3700
4099
28163
17062
9272
30409
14455
13547
28638
5465
8292
4783
24648
16459
10874
17417
12490
12148
31210
3819
27440
11806
24847
24040
18385
28543
13545
12660
15205
25998
30438
11656
24253
2988
30347
23604
30968
28756
14829
30946
29279
25254
10515
15929
19656
25115
453
23920
1187
8147
32335
11063
15373
7854
26345
25799
18657
21924
11175
27148
23460
28714
23738
21655
8562
20565
5094
28995
2957
22866
15090
26819
3508
22176
21506
28144
19303
447
18828
18074
19139
20878
31857
1216
3953
28819
26787
20658
32309
22415
1213
5715
19283
29766
11476
18365
25868
5571
26610
28687
7136
19255
5725
21333
30011
6112
4921
15517
7650
29634
19358
5691
9683
26036
8120
27387
11916
4246
7268
7846
17114
9992
15600
19759
27662
10587
8684
16180
5601
8624
21093
6628
21237
31693
32052
4517
936
8145
25309
7353
30294
4023
23378
7651
16880
6369
28831
23847
17959
15714
11101
90
15040
15057
29231
10951
10927
19244
29799
7745
27344
1788
13153
24238
3968
14631
23147
23051
12119
2646
11594
27071
2830
25884
12877
4787
24306
32325
8913
29453
6754
13874
8468
22084
4434
16737
19281
19937
30265
16923
82
17429
22650
25058
25831
14896
22436
31324
28065
27608
23679
16252
1027
32494
30213
27331
26210
12262
9839
26719
28242
26512
11530
28544
19092
26600
23538
10258
24569
28863
13412
9593
15269
32672
28246
29246
29324
26486
12308
8037
20459
436
21207
22863
2308
32679
25525
14775
8814
28211
27973
26696
23005
30876
20630
17599
23730
19033
20947
7833
31520
10895
12518
20766
3297
13522
22283
9543
3614
5226
20620
21672
30091
10172
13242
10066
3642
11021
6688
17069
10362
4519
3614
230
8951
15391
13557
152
2594
28772
27082
21049
12664
29506
2795
30571
21154
18821
23377
15719
14846
2220
32518
8234
16188
12365
15846
18659
16801
14972
9968
29717
17060
14087
27370
15841
12572
12326
16099
18942
19900
5281
23443
4568
7360
15804
4881
27790
29959
7836
9463
32310
6459
8512
12862
10328
17372
21548
21770
4052
26362
15541
3970
19559
5990
20269
14268
15448
23812
26876
1749
6882
1061
11451
23444
30172
31372
3856
25498
10783
26196
5689
4657
30775
30666
3513
30248
29338
6871
8757
30529
22223
12826
22703
21304
12995
18691
1527
7047
25355
9694
19493
10570
19196
29535
25598
18604
7461
26688
17466
22389
31578
26946
11344
18187
9880
24787
17092
31774
16706
5513
22201
2994
1352
23139
17415
12766
26085
8826
2036
9632
21932
9814
30531
2131
4933
15307
12151
26758
18879
14636
13127
14926
24458
30475
30885
10062
4864
9497
16430
7892
31078
18126
8567
10267
10503
6070
24994
25128
19322
28973
23515
14021
17824
11446
3552
7754
16807
23382
4945
20170
23602
28472
1215
14874
5745
26217
7396
17859
18054
10032
22583
10737
13781
26485
15719
27905
31848
13611
23462
58
25530
32618
11823
9362
628
7536
19286
9046
27584
3333
26781
10168
12052
532
6055
32543
20567
13306
31645
1399
22795
39
13161
19710
28318
27049
3611
9947
5008
22350
65
15926
2607
9438
5531
805
30633
32400
15598
16667
25681
9020
24852
3873
29129
31702
10207
16598
19850
15997
15317
13846
25420
21452
8671
24081
15709
23885
3163
24648
13107
46
470
11970
18683
30701
6434
12998
9076
12696
32047
8836
10585
17082
19310
24667
6547
10024
23912
1483
4326
3932
6771
6869
20648
31670
28551
16999
7966
1921
22366
29795
7975
19830
13227
22501
980
30977
15989
4174
6371
29137
29269
14918
21947
8646
23956
23234
9316
12810
26464
27177
22216
27792
30550
22106
14061
6395
18329
15425
31333
1231
13324
16696
20139
26390
25452
20133
13456
32704
9656
32723
4695
10148
9904
7032
4426
12755
13811
8023
16661
22918
5037
32446
10216
1641
22441
11716
22075
21211
18375
32218
2170
4903
915
13385
19549
6724
30396
22036
22750
3272
22377
14491
28042
3990
32577
15619
16747
27605
2704
29850
11718
14267
2906
28546
30864
25188
7480
27308
20726
27410
30476
26257
31082
23608
31746
1650
20721
5052
12404
14944
5400
114
24371
19339
11945
30634
29045
30787
4910
24357
31065
27669
26423
30144
16716
1435
16722
909
12997
21185
3206
22284
25919
6314
27070
26744
14673
3907
8202
31224
13782
1856
3097
16309
4953
27827
26991
1859
29774
27049
23240
16093
24136
18913
26334
32374
30698
12115
4411
25323
24245
25186
9515
11300
29186
6707
3419
24000
3990
18769
2868
14867
24359
9704
16104
10955
10566
23996
6605
1296
27294
18387
12033
3201
6192
7660
10088
22927
24047
8896
4824
11894
21692
7034
979
16357
1468
2962
12616
31459
29682
20639
10084
9599
20574
25874
14241
12466
32436
6403
19292
10038
2933
22349
672
32431
12915
8790
16167
14673
9986
31423
10166
11338
23124
28349
17996
19749
17453
29973
26967
3785
11996
4503
20932
22628
5239
8718
23125
7587
20391
703
22846
30989
20193
18227
3168
2554
7256
23717
5136
24238
7656
2996
2180
18056
3129
30566
29571
18993
1572
19938
17575
28605
27997
5506
3401
16952
177
4293
5207
30545
37
32412
21676
7066
21288
9148
18010
17711
5832
19223
3676
20467
695
17797
14747
5863
22868
14260
4587
30378
19276
29156
12422
12598
25850
3640
13132
25634
6353
29606
17827
2369
4996
24521
11123
13791
517
15984
25811
31872
22221
14296
22598
26903
9038
4063
1590
27625
14578
9279
24221
11322
16133
1950
18555
1846
2831
2374
1267
8318
15407
13649
30068
8406
29532
23034
19879
15809
19194
6249
22157
20542
20654
22294
29974
7219
24997
13955
31785
3289
12209
13987
16786
28412
27888
16015
23363
15858
1096
21287
10363
21834
28969
22949
1207
8183
14523
7271
20661
18838
20229
25727
25652
17229
7253
12952
11604
7374
14957
25800
10051
20753
14813
305
29949
10976
2621
18973
27900
21413
6134
7136
10528
30926
13170
1700
3848
31755
17867
15307
14669
32490
19595
18231
1436
24867
17575
21826
30017
8275
19820
28867
8429
19683
23850
2958
8644
28794
30427
10114
26381
4187
32257
1600
22670
24928
8890
7138
18288
4047
7280
14730
12763
17276
3278
26741
566
12427
6498
31604
5223
8475
6077
8094
32621
26617
17923
3061
13132
21822
28989
27210
23260
15968
10622
14094
506
22276
26407
23902
21736
22046
25025
23890
22815
6076
27600
21310
14374
29951
18629
4764
26236
2448
22809
46
1994
7402
29104
5024
31615
29166
29825
18328
23456
2760
28160
30547
27765
8172
31974
27652
1366
26322
5068
14099
24355
12669
16623
15762
15968
19118
28915
31226
12541
25761
6239
3615
13902
26730
9851
31771
29216
7580
30168
15147
9580
24057
5348
6912
11715
24705
23628
2953
26072
28140
23689
15917
8636
23621
29496
29949
13720
4578
9475
1046
21778
12897
14878
4494
12368
26601
12242
10301
26391
11899
11346
21320
9059
30982
31247
1810
19868
30935
31104
26058
22930
5308
20623
7483
17884
11915
25958
16260
11089
21510
5786
30363
15157
10072
5758
23579
11001
20045
16913
6733
13688
24349
1511
3331
23125
12873
351
10288
27930
28730
719
9402
17534
13591
1510
27922
29046
14037
28461
3150
25448
31237
25500
9162
23642
7144
16184
6029
20442
29854
14329
27535
10989
16780
21205
18818
11374
28695
12686
27690
18141
26032
17663
17459
9032
24675
15959
25739
1180
12353
9677
14076
30084
18006
14620
6292
20475
5619
7961
13722
19399
31696
5830
20241
26648
12992
30288
7529
25233
23794
16183
25725
20205
22458
6733
18453
3598
15067
6457
3909
10205
7891
21528
7126
9006
21006
19705
11931
28452
17159
8874
28031
15852
28888
7387
30097
8211
23958
19038
1337
4440
15645
31460
4583
4452
30451
25116
16362
17863
8415
4945
21942
8250
27357
30590
9084
17250
24158
4728
14592
15558
5079
9767
26389
6886
2220
3898
15741
4696
21866
12954
18920
10428
1871
29022
24917
16916
14139
6778
19124
31628
22534
10458
2396
6724
4385
9784
20569
5075
16426
11794
11150
5586
13651
27210
20982
29674
17252
25635
29861
14628
28230
22783
26019
28216
23961
7668
13111
1534
29135
26012
31049
17149
9957
10451
28026
25753
7457
118
23403
32461
28577
24158
7423
16805
20313
6289
2734
13418
16644
29470
15935
9786
19649
5738
11411
27084
1299
20219
21373
21144
2112
24342
23985
16531
11233
25688
32593
16836
15739
28192
6679
1222
29355
30018
31245
1636
5991
5689
31583
8037
24098
4584
13759
18585
14393
12166
6584
16535
14650
11437
19583
25387
19904
13657
2942
12901
10502
26051
5148
17363
27376
18906
6345
24126
21964
31170
12646
14403
29268
31144
11499
31620
11106
22593
6482
31659
11617
17430
1687
19026
1865
18967
16168
28385
12032
21768
13615
11294
507
8083
2880
7304
22688
124
32033
5591
28433
20451
21258
23128
25117
24054
20528
12177
32298
13913
9034
26116
14553
24085
27386
23972
15733
24837
11847
18886
2171
30069
3085
15400
27897
23584
27213
8348
1530
26698
31659
8785
7313
13537
20465
25357
1653
2418
17069
8375
23595
5539
15352
10718
17564
26803
26315
17433
266
22458
5422
13273
31673
24826
24788
7794
29931
7934
14823
30696
18980
13874
12073
22958
22260
24762
22854
16964
7530
10412
28577
16709
19003
6575
21895
14246
6387
31181
6664
1833
12990
3188
